Resultado da versão 2 do algoritmo do torneio com n = 14

1 3 0 6 5 7 0 14 13 12 11 10 9 8
2 0 0 7 6 5 0 8 14 13 12 11 10 9
0 1 0 5 7 6 0 9 8 14 13 12 11 10
4 6 3 0 0 0 0 10 9 8 14 13 12 11
5 3 3 3 1 2 0 11 10 9 8 14 13 12
3 4 3 1 2 3 0 12 11 10 9 8 14 13
0 0 0 2 3 1 0 13 12 11 10 9 8 14
8 10 7 13 12 14 7 2 3 4 5 6 7 1
9 7 7 14 13 12 7 3 4 5 6 7 1 2
7 8 7 12 14 13 7 4 5 6 7 1 2 3
11 13 10 7 7 7 7 5 6 7 1 2 3 4
12 10 10 10 8 9 7 6 7 1 2 3 4 5
10 11 10 8 9 10 7 7 1 2 3 4 5 6
7 7 7 9 10 8 7 1 2 3 4 5 6 7

Obs.: As posições que o algoritmo não conseguiu processar estão preenchidas com 0