400
3
1 1 7 3 2 1 4 3 6 3 5 4
-1 1 9 1 0 0 2 4 3 0 1 4
5
1 3 2 4 2 4 4 2 2 2 4 4 4 4 6 2 3 1 6 4
0 2 1 2 1 1 2 1 2 2 3 2 3 0 3 1 1 0 2 0
3
0 0 1 1 1 1 1 2 2 2 3 3
1 -1 1 1 0 0 2 0 2 -1 3 0
1000
684 120 818 382 831 393 544 740 48 930 620 118 722 471 330 290 151 239 810 309 933 629 4 565 862 504 830 54 904 190 980 195 339 753 756 423 748 486 476 5 14 388 536 204 551 547 127 798 520 188 673 679 724 600 92 192 846 880 268 200 766 419 712 216 602 76 798 245 844 503 269 840 654 264 264 536 863 410 136 905 184 896 434 857 790 611 818 590 423 710 854 634 35 942 589 346 952 339 896 310 634 185 997 750 439 543 421 461 211 362 848 50 866 14 953 362 658 956 276 6 414 241 749 528 197 677 408 869 72 468 944 997 431 898 752 862 128 971 196 184 663 400 832 341 413 990 264 217 922 75 57 233 749 866 900 692 512 460 880 956 874 380 622 434 856 486 292 449 343 63 915 120 157 721 121 94 557 167 363 172 487 611 267 75 276 712 95 330 731 927 136 162 933 982 894 465 817 164 259 66 797 855 396 75 277 792 533 187 207 475 225 239 616 149 727 803 897 583 303 948 128 917 519 605 950 886 55 98 659 334 903 147 374 361 808 588 758 525 624 319 448 112 372 671 267 370 231 419 513 101 130 926 126 232 944 366 483 68 739 150 686 211 112 542 646 236 173 721 845 109 224 981 76 549 395 954 704 836 389 636 796 394 609 222 608 712 755 194 575 962 705 939 532 610 889 207 722 655 976 305 259 694 885 978 40 704 315 566 619 78 165 56 328 502 500 571 379 230 432 598 960 59 256 14 781 340 881 277 508 787 269 167 385 697 761 975 630 428 601 967 359 365 336 555 543 99 68 800 700 574 391 492 754 119 327 17 699 227 675 9 247 6 286 583 122 247 301 924 477 80 307 894 66 441 660 619 691 124 710 240 969 831 799 714 154 468 998 383 597 123 888 611 739 471 28 200 986 299 213 431 286 486 795 523 259 537 825 317 352 584 547 840 200 933 209 441 230 41 69 238 967 440 775 992 641 110 439 631 879 514 24 158 597 235 509 587 303 612 165 310 249 807 299 528 874 865 987 306 989 959 919 197 269 810 527 111 254 853 888 442 84 268 102 194 488 295 774 13 977 246 869 909 189 782 910 464 418 349 374 152 36 842 721 534 836 798 745 629 400 112 876 500 424 18 48 536 744 87 564 264 835 349 504 88 830 513 747 232 145 885 911 31 292 44 261 633 478 305 90 52 766 487 603 824 97 421 604 463 342 357 593 45 531 87 668 771 346 216 220 798 256 100 89 383 617 227 770 8 233 795 850 599 469 366 162 441 226 71 6 471 990 175 893 878 598 392 708 703 196 408 624 830 6 1 803 705 586 992 850 568 374 946 804 591 673 935 383 353 77 68 855 143 42 494 528 933 996 677 557 638 331 457 488 99 164 370 486 116 920 963 800 459 699 743 477 54 831 416 383 352 517 140 703 668 379 216 566 581 827 785 231 724 375 466 191 542 240 153 265 114 16 139 670 940 709 750 313 494 606 931 931 918 598 646 336 907 578 907 868 776 248 278 140 983 832 972 984 458 961 793 533 404 358 804 112 510 560 61 852 988 343 608 830 520 32 98 854 403 419 980 932 446 761 647 945 268 93 67 913 539 898 751 140 445 747 605 390 523 810 309 217 961 701 385 666 102 452 81 384 957 741 405 560 562 673 946 118 722 766 458 602 884 180 872 454 446 950 247 684 761 933 120 973 182 821 204 787 319 646 226 736 872 15 881 536 238 74 398 427 356 748 374 743 181 412 787 79 876 542 845 179 543 510 488 139 126 778 343 214 220 490 108 411 827 781 181 587 991 375 739 226 736 95 4 400 380 309 120 448 860 56 177 540 922 930 899 126 334 968 680 249 270 756 979 935 299 396 881 355 766 460 413 27 784 624 331 731 781 574 152 207 190 90 333 472 226 875 354 557 63 8 274 148 313 329 790 287 644 719 79 382 87 608 364 714 61 936 695 1001 330 953 337 789 117 525 399 856 325 361 422 705 979 853 114 515 392 907 419 111 664 82 361 160 620 727 286 871 816 264 735 789 448 740 979 617 602 401 813 619 508 24 879 723 563 360 928 650 801 27 585 390 183 159 902 366 779 238 376 79 816 11 273 692 233 524 543 991 554 361 785 958 179 398 107 516 458 741 350 697 847 244 906 899 647 8 606 64 878 300 804 248 612 515 885 492 680 388 705 580 378 587 145 317 403 416 178 54 708 926 204 159 177 353 681 377 717 781 899 846 969 980 395 499 569 580 616 344 729 543 653 410 201 701 140 981 9 924 943 368 357 16 127 638 877 297 993 597 210 241 698 627 659 513 171 562 164 534 491 290 896 503 443 51 891 278 833 275 662 312 259 550 314 973 778 703 463 944 3 731 901 993 209 716 235 129 33 646 758 118 808 266 979 497 306 563 350 60 385 607 586 177 315 324 305 591 982 381 519 426 512 558 853 498 313 866 520 93 778 111 984 446 471 403 138 402 529 463 658 905 122 417 128 577 285 800 820 677 159 647 353 138 639 907 932 524 795 40 56 924 416 384 412 817 320 584 561 883 416 528 334 609 453 646 645 726 293 477 436 457 943 319 788 387 115 922 88 231 776 884 658 385 259 851 491 806 450 839 1000 773 613 459 642 44 509 779 851 853 181 573 600 187 723 526 658 331 602 495 335 410 992 202 62 730 601 523 362 634 219 16 425 236 796 191 768 792 182 382 903 700 228 644 564 122 405 448 523 767 291 757 441 751 517 248 53 640 719 87 505 633 343 370 816 307 753 236 8 432 273 415 184 908 459 409 494 630 615 890 869 724 531 977 313 190 415 370 833 341 907 269 126 669 690 605 420 144 517 458 555 698 720 229 411 227 600 460 806 403 242 614 688 105 387 16 456 636 551 508 676 910 460 45 704 739 965 683 276 420 198 395 130 839 82 6 458 479 420 109 1001 945 340 608 1000 603 776 842 721 58 186 239 514 483 934 103 347 421 317 405 280 54 113 981 218 628 616 378 520 966 408 219 628 808 722 724 640 919 413 618 264 58 551 382 722 859 67 966 965 967 268 343 12 937 386 574 396 302 173 3 862 78 648 361 453 706 922 895 784 30 621 143 981 535 935 395 835 509 48 203 89 164 264 506 297 977 78 575 309 7 663 999 514 79 330 575 703 117 526 852 898 330 496 637 298 607 205 337 682 169 762 231 326 121 574 467 967 710 393 555 276 16 991 949 775 817 53 705 872 741 694 361 459 462 19 942 420 314 436 440 64 65 879 293 219 608 363 225 254 56 189 432 81 100 121 786 639 490 57 859 161 106 393 201 671 384 461 308 632 360 250 574 886 857 881 18 127 140 392 802 739 971 920 811 161 234 242 579 302 327 411 395 931 28 803 313 423 670 372 498 859 61 594 634 669 513 476 685 904 331 934 470 550 720 387 572 717 715 344 655 926 782 387 944 523 303 503 602 903 874 68 186 956 765 468 584 325 284 991 784 539 806 675 437 364 964 241 491 295 586 155 570 399 900 938 721 287 720 280 810 348 318 847 683 140 3 882 417 979 807 653 734 39 40 927 252 470 913 733 602 376 538 752 264 251 420 770 947 491 464 982 775 657 847 297 165 208 450 287 484 596 564 666 879 953 807 680 695 471 696 832 44 702 503 217 915 862 342 737 590 638 935 639 126 51 186 650 358 1000 190 962 645 986 151 128 704 536 230 352 857 233 331 327 954 337 259 945 28 195 108 165 251 220 443 163 765 15 581 342 780 295 655 478 466 403 597 149 141 121 538 42 392 690 384 491 109 104 5 219 84 374 851 758 577 386 512 247 560 851 537 108 412 623 491 24 77 525 899 268 510 540 830 668 911 516 634 291 18 217 413 180 206 861 679 70 893 658 292 781 590 958 28 804 203 27 567 150 911 543 450 308 946 460 737 98 513 698 212 324 639 894 658 787 729 698 116 846 210 522 181 875 49 571 864 997 973 39 998 824 994 759 311 308 443 570 322 859 230 724 388 445 149 712 301 209 73 269 309 261 203 240 324 366 297 163 827 293 565 726 616 599 62 549 765 212 675 261 498 65 411 504 583 898 550 68 79 757 645 263 553 330 610 279 344 868 989 140 369 253 574 569 845 458 623 117 129 195 577 385 504 29 392 172 163 4 271 62 521 534 783 983 342 26 431 845 426 295 119 123 640 984 851 531 286 814 408 274 486 984 917 89 851 380 566 194 599 153 159 148 656 948 393 69 243 119 758 289 987 845 305 286 671 967 494 915 60 646 836 215 687 63 449 185 322 881 846 917 634 469 605 935 884 618 37 354 155 196 88 957 183 416 361 594 390 723 598 19 341 898 167 167 923 606 238 906 190 343 871 492 416 130 764 816 300 26 391 264 80 797 202 346 776 423 136 881 101 969 805 539 627 733 427 910 222 167 963 635 804 821 76 804 515 918 569 177 839 706 249 592 223 999 784 990 495 846 85 208 444 847 306 81 108 606 984 315 335 618 507 353 964 354 376 641 726 84 579 568 931 943 698 232 145 334 21 508 724 555 509 147 491 934 451 346 696 440 782 133 249 673 76 510 879 462 220 500 306 645 186 238 735 492 420 927 906 835 321 76 2 88 306 353 581 228 39 332 554 506 583 156 200 582 216 418 349 678 702 155 65 758 543 872 738 686 189 354 494 944 825 958 376 837 298 951 584 830 144 431 639 683 84 241 74 217 952 340 924 16 127 668 914 583 21 978 616 385 321 16 194 167 670 280 959 76 762 324 334 695 21 256 433 489 799 787 105 359 693 324 392 86 917 79 727 583 136 40 163 664 175 739 287 56 621 121 682 262 617 810 935 532 907 164 935 701 118 186 968 281 666 108 81 663 312 141 527 545 169 999 441 714 57 825 158 302 88 696 924 581 794 952 55 525 431 322 483 219 558 113 985 135 438 659 514 234 388 862 999 934 59 492 659 814 375 71 790 93 586 770 525 692 121 553 544 830 968 665 701 525 654 792 160 432 321 829 644 671 914 433 176 460 571 750 557 239 623 956 571 998 700 489 806 24 922 707 302 460 89 55 156 59 40 312 664 753 417 853 717 363 995 343 795 96 965 983 910 226 993 209 55 387 639 432 383 622 298 359 734 14 647 835 713 299 361 250 449 485 204 444 365 326 368 677 473 170 263 94 728 806 975 705 751 42 802 823 649 901 598 37 726 271 872 184 773 627 703 433 842 332 266 995 351 408 257 878 631 875 573 241 349 373 960 532 602 84 537 649 696 255 637 850 348 963 640 590 608 391 890 88 577 242 875 566 569 340 390 1001 554 355 513 474 50 59 696 38 854 400 354 980 846 542 605 556 358 207 80 685 847 981 121 682 411 359 949 47 244 560 834 602 427 890 855 751 170 451 392 209 526 243 529 723 8 518 749 969 100 30 362 39 294 981 194 685 307 340 202 472 269 222 605 834 179 877 165 507 234 190 653 938 949 104 842 718 817 966 618 103 220 693 180 255 679 649 89 12 652 186 469 727 2 698 276 79 632 399 112 531 530 326 831 369 989 450 859 653 798 252 969 561 805 803 418 279 453 878 609 603 665 590 678 713 134 497 580 653 982 846 145 114 258 896 696 175 110 968 349 173 622 168 546 381 793 647 836 213 618 130 859 89 43 333 967 745 562 939 572 546 363 269 994 905 211 903 792 889 66 183 464 893 768 279 964 567 632 339 843 811 462 741 651 94 835 400 33 519 690 902 211 901 894 937 522 739 827 813 677 146 369 440 529 813 248 288 638 392 659 691 272 508 404 40 961 128 188 657 57 140 479 266 977 534 934 992 80 675 123 849 54 289 81 767 387 898 407 222 431 118 383 66 747 493 714 394 401 856 517 536 841 738 394 903 293 74 319 699 908 350 96 958 963 841 596 232 687 951 325 62 880 396 214 667 189 561 387 591 386 788 342 785 878 459 585 946 750 179 975 598 798 105 320 956 809 539 897 689 856 55 639 824 807 93 921 906 696 882 421 268 614 176 257 315 496 224 286 450 535 695 501 973 26 597 294 593 688 416 155 496 113 567 793 620 203 298 750 287 154 943 812 191 881 658 28 127 268 359 173 224 616 187 299 593 595 566 111 846 178 784 805 705 531 98 629 37 616 217 653 43 261 515 673 1000 228 169 52 180 849 445 243 388 827 861 416 28 762 791 418 542 742 634 450 142 764 536 946 632 1001 113 719 653 539 475 289 530 219 356 584 960 363 617 596 869 418 784 917 864 959 878 937 737 31 717 417 529 293 58 879 40 209 36 268 718 240 414 712 855 216 645 273 577 125 776 407 7 23 616 639 854 185 927 461 924 150 72 156 943 59 122 259 146 781 198 784 1001 492 286 569 626 297 227 590 929 381 792 950 525 527 260 864 438 229 72 959 113 947 269 394 315 566 214 756 389 655 810 460 59 398 733 993 52 486 896 313 635 226 928 80 407 255 186 806 802 635 132 37 237 970 557 739 836 314 443 775 423 923 929 143 4 160 928 407 188 488 806 745 443 884 329 980 854 430 617 268 390 978 263 831 974 407 339 607 660 604 694 254 334 406 179 280 184 563 759 779 967 31 669 782 164 814 418 641 82 368 846 774 978 863 655 32 292 239 126 868 349 948 395 282 961 135 234 457 778 238 702 550 136 710 830 951 149 614 832 702 565 208 760 206 288 846 514 296 399 634 327 344 744 545 882 956 536 924 485 103 127 192 306 210 192 364 225 391 214 544 657 861 46 575 735 998 209 635 533 193 725 127 972 222 570 380 979 863 351 902 625 869 861 286 188 486 205 537 171 861 164 619 551 565 168 735 986 295 765 999 984 994 291 760 571 466 737 576 387 570 906 278 875 421 955 957 803 590 237 829 796 727 722 528 625 30 221 396 547 873 504 169 111 301 702 963 939 150 615 810 567 120 822 861 845 417 880 275 842 144 642 45 80 340 147 790 856 106 609 361 212 70 909 509 847 813 228 328 32 902 831 713 451 362 991 621 307 225 773 696 296 518 378 394 171 328 318 36 785 329 649 508 657 706 875 307 380 837 325 272 751 301 235 48 128 606 132 411 213 286 309 762 211 964 978 958 294 450 746 248 606 165 56 308 545 397 530 844 593 690 952 112 666 972 459 628 120 792 238 530 613 988 397 345 879 275 967 112 498 716 251 140 444 821 181 519 482 6 878 731 184 329 59 659 746 434 531 50 182 769 170 638 337 875 529 977 963 832 165 470 91 698 550 101 837 480 562 996 151 448 68 352 273 214 624 833 522 618 725 207 540 152 806 269 613 548 869 779 87 779 112 928 763 238 805 697 683 596 884 80 487 621 548 873 162 790 380 317 904 204 765 919 169 184 45 240 875 651 224 733 708 427 770 914 682 716 1 13 648 689 244 298 544 473 101 30 168 46 579 804 751 918 982 599 473 491 808 795 900 856 530 303 322 152 711 909 62 33 451 871 877 483 796 704 322 960 724 598 515 106 913 396 125 707 117 721 297 546 808 253 944 284 580 272 146 558 714 674 963 854 838 606 15 722 834 16 406 963 465 311 799 749 456 620 387 71 261 296 951 765 350 414 762 788 657 327 9 580 716 46 4 220 598 916 812 393 511 526 427 39 736 522 323 386 83 254 986 430 896 208 188 413 189 108 107 953 615 485 165 51 931 578 605 16 244 566 300 625 650 765 103 903 425 847 82 739 772 817 204 815 69 149 879 546 587 971 48 653 228 514 868 51 531 69 289 66 754 883 641 324 83 35 423 228 511 535 19 563 267 396 577 694 171 863 73 233 361 278 396 750 206 796 943 912 301 231 529 108 303 367 787 520 907 834 248 32 647 555 724 598 105 114 698 616 439 719 639 290 681 509 45 628 916 618 165 524 792 928 585 799 959 805 552 679 657 982 628 908 246 150 868 459 70 613 996 287 654 295 680 731 262 662 393 764 841 329 224 868 525 161 645 301 180 7 713 658 647 993 173 569 911 857 387 563 721 400 676 482 551 287 753 496 500 487 163 353 837 901 857 490 94 845 50 421 60 86 428 332 775 404 728 346 519 958 105 557 958 826 498 714 843 591 170 435 164 798 624 551 569 598 854 994 734 631 314 784 521 435 798 730 899 16 229 790 75 718 338 954 902 400 551 924 768 580 382 17 502 424 507 190 958 14 498 805 417 644 455 602 470 331 806 352 324 175 115 871 686 108 328 716 485 160 555 603 793 959 76 16 314 667 849 284 330 544 121 901 643 54 906 217 439 149 447 565 791 927 662 253 75 847 582 863 978 538 765 149 867 451 675 110 373 249 274 912 836 649 781 980 818 566 812 3 924 656 160 779 147 52 956 232 866 252 788 649 387 163 5 523 234 157 602 166 322 623 679 148 223 441 469 578 956 867 65 861 87 569 726 598 69 339 273 326 340 14 811 182 38 283 784 349 498 361 233 8 722 254 910 83 525 882 860 309 354 922 469 571 613 719 144 158 134 89 749 59 403 399 484 62 77 772 42 933 1000 212 798 915 181 321 962 665 393 792 237 2 647 928 34 553 385 495 673 443 573 38 247 606 285 694 172 217 324 439 25 20 94 103 354 632 29 966 298 798 565 199 911 219 304 434 498 949 896 370 818 432 46 351 826 821 695 225 782 724 508 571 269 819 631 803 361 225 922 204 4 275 363 477 324 42 406 759 254 675 83 614 32 125 274 929 240 834 513 999 114 598 937 364 157 91 461 869 452 437 952 534 601 92 994 865 624 6 499 798 12 111 895 230 728 809 510 828 703 411 719 765 28 973 254 769 278 963 65 437 413 926 136 719 677 230 148 820 660 48 787 799 427 257 512 84 450 634 831 421 259 675 908 456 745 617 145 568 485 495 2 142 86 413 741 243 923 216 327 456 522 584 414 539 34 905 902 182 609 721 674 878 750 546 185 551 798 846 56 106 746 22 779 504 73 40 738 568 795 838 577 396 341 335 451 871 224 667 812 437 711 548 128 14 965 460 181 645 371 783 599 63 757 360 381 354 2 727 524 399 622 162 650 360 895 82 383 202 249 345 730 521 700 472 64 119 621 525 914 182 153 760 825 493 534 391 206 826 474 242 73 457 387 541 514 124 530 205 535 627 210 49 14 668 308 415 195 369 250 658 471 381 615 278 736 375 27 889 22 280 928 262 754 550 309 422 824 386 375 470 11 560 705 801 699 131 329 890 116 394 333 265 719 355 592 704 821 913 916 404 524 188 644 97 832 774 654 660 225 141 876 459 275 894 102 94 702 945 386 369 829 598 926 76 631 440 457 213 327 876 339 746 825 307 375 191 694 357 54 241 644 189 326 978 630 860 27 795 614 104 604 118 338 103 486 83 31 258 958 50 803 62 607 619 991 446 513 228 828 862 126 601 945 862 355 198 874 985 531 27 169 518 44 702 835 508 252 121 650 382 686 279 562 769 116 180 633 971 348 139 813 990 426 359 873 237 170 11 221 201 206 769 983 135 201 422 413 740 886 861 14 377 871 383 154 302 5 12 377 250 909 383 502 534 806 129 955 586 171 707 875 811 628 685 333 34 997 812 442 340 984 692 332 998 751 675 706 18 516 175 783 225 166 996 523 721 332 500 689 407 47 232 501 174 398 627 641 367 405 494 271 645 996 292 619 164 146 244 112 680 29 162 714 708 777 798 405 756 222 838 371 994 60 94 292 797 81 267 138 226 344 483 659 158 874 800 829 521 415 614 310 151 442 779 442 161 104 397 128 245 735 275 512 25 991 464 419 920 918 180 460 28 804 40 404 158 487 901 750 558 437 502 882 799 992 297 793 341 668 911 597 306 117 572 433 51 645 425 438 899 67 942 767 66 295 426 609 917 342 976 524 703 393 173 913 971 656 264 32 301 820 840 229 518 211 491 179 36 944 910 577 865 946 123 508 246 444 576 460 318 324 7 574 231 906 667 734 420 854 453 764 221 437 625 809 214 292 105 266 712 698 319 286 602 338 950 627 86 308 727 724 530 675 50 689 935 406 719 230 411 567 555 346 491 197 7 439 519 910 32 183 50 469 744 680 99 65 350 644 848 345 665 83 547 414 103 653 162 597 806 104 422 965 640 455 549 788 363 486 447 766 396 961 997 973 779 417 349 358 945 544 818 302 501 885 769 11 591 767 145 715 442 283 642 818 887 823 765 631 430 942 888 497 118 557 883 377 215 839 295 367 838 805 915 860 301 509 724 1000 232 486 682 762 927 548 991 604 19 74 245 165 764 661 463 904 249 462 126 243 76 372 947 10 665 634 636 257 581 58 415 925 416 546 736 4 876 485 557 843 586 695 72 309 624 983 798 129 893 814 315 657 912 863 6 280 651 876 616 466 987 310 509 55 88 556 646 103 780 658 901 894 575 834 794 634 988 836 20 162 788 608 152 314 1 151 505 698 77 979 120 596 713 181 281 892 87 32 139 202 464 498 487 228 243 844 378 55 376 505 202 937 799 49 55 992 291 891 223 314 684 238 69 255 304 897 488 21 748 537 529 825 409 126 382 183 446 761 331 474 459 403 305 756 834 417 952 382 381 698 38 980 812 781 94 677 757 490 910 162 996 667 262 558 868 57 971 892 582 550 64 659 782 996 235 353 20 410 612 968 538 247 460 527 876 54 645 982 210 925 15 405 223 659 88 136 383 687 239 380 416 365 273 744 450 136 474 270 162 616 858 21 606 777 285 79 72 845 902 321 772 296 190 914 221 325 464 685 696 962 923 113 365 110 44 757 116 898 391 449 413 100 811 364 272 330 831 451 416 680 471 684 619 478 385 254 263 285 680 375 80 867 451 730 654 96 628 744 382 943 517 390 707 870 124 741 810 202 524 468 191 508 378 229 684 638 403 979 841 683 567 972 320 609 341 89 868 419 800 898 922 897 608 48 406 29 872 582 854 845 182 776 794 408 853 592 384 694 669 906 900 55 365 121 936 311 916 419 84 878 886 839 438 1 60 810 747 319 415 61 649 539 841 658 968 226 272 362 382 623 119 835 284 758 210 190 237 482 768 630 753 283 414 539 898 512 57 364 51 907 981 773 103 744 913 271 974 339 717 844 531 926 398 599 431 373 129 312 212 179 788 152 302 7 1 259 612 646 418 691 655 348 873 926 673 903 965 917 366 299 332 243 929 766 286 758 239 79 980 563 330 995 823 873 765 940 139 1001 124 447 115 671 534 339 626 724 432 47 796 148 578 44 675 801 66 770 476 497 361 917 911 664 369 59 967 464 770 354 433 828 170 778 608 58 901 338 630 502 741 425 175 708 778 959 916 759 448 289 411 847 684 271 740 27 508 965 174 630 793 974 910 624 874 188 453 60 366 123 877 658 220 836 752 18 944 79 873 827 860 492 343 453 973 970 220 337 692 303 918 351 702 678 966 922 192 358 33 995 544 393 619 138 201 292 839 740 282 799 129 337 696 83 683 156 355 325 73 774 886 696 780 414 202 478 257 906 157 53 880 922 792 606 323 157 406 327 185 518 173 264 797 155 494 791 862 331 470 200 451 501 815 170 955 212 660 454 595 143 13 118 596 425 299 813 818 902 178 501 246 205 801 891 531 741 26 807 157 655 476 828 884 527 449 376 52 563 898 758 303 908 408 306 674 319 560 183 629 682 754 598 485 73 531 119 637 636 852 721 465 701 922 220 589 440 108 682 17 941 443 941 491 469 213 625 226 210 176 641 931 558 984 103 568 715 823 193 339 426 326 700 441 802 288 929 548 769 443 606 160 136 12 766 93 129 592 338 315 786 998 912 996 297 353 319 307 203 731 103 125 12 649 180 958 481 93 973 119 539 159 443 54 85 719 193 178 632 630 853 201 837 772 41 452 899 487 832 102 890 495 683 864 361 930 406 192 447 893 176 293 672 581 379 143 925 695 551 448 769 440 550 782 721 566 845 137 299 470 796 758 992 701 238 125 257 577 554 835 515 685 654 492 41 940 533 855 652 223 331 33 136 356 928 534 271 479 856 285 577 95 449 923 581 450 19 830 228 21 281 143 437 462 291 170 156 294 596 657 774 78 585 511 342 994 410 370 286 796 14 430 851 708 44 886 812 613 20 503 591 881 471 173 517 657 256 552 821 259 686 652 4 998 88 449 979 180 1 434 664 539 608 924 64 281 346 297 431 729 107 681 742 435 910 92 778 287 39 106 373 675 621 603 393 335 625 321 821 997 739 257 487 780 593 786 258 292 286 539 543 947 150 670 333 820 839 468 268 168 47 704 75 701 236 256 58 264 579 951 224 422 756 596 402 509 816 34 608 560 307 770 931 712 822 386 714 668 295 387 800 796 981 514 153 741 349 681 275 206 900 291 276 497 888 711 586 17 812 880 420 964 713 185 237 584 800 55 544 924 416 275 50 532 524 466 184 112 349 365 110 302 20 490 755 143 659 404 634 264 284 104 623 555 821 53 107 807 631 713 80 109 922 336 753 430 965 931 91 721 690 59 10 971 853 669 403 635 375 153 305 767 770 748 506 452 638 698 518 454 878 953 907 361 646 465 268 391 438 721 330 172 713 149 219 28 796 759 849 97 181 157 144 812 60 56 370 271 240 687 55 787 973 308 294 306 854 95 93 250 224 537 33 343 343 927 739 821 491 936 365 792 491 778 822 646 173 976 457 199 202 287 918 443 128 456 723 933 603 491 163 739 472 8 860 11 902 963 195 630 303 298 668 684 953 755 1 260 518 270 192 229 432 48 102 927 22 416 8 842 558 525 683 491 920 453 431 343 621 32 905 484 489 62 15 479 482 499 175 135 96 686 289 671 242 448 794 310 217 932 780 734 886 264 388 963 753 420 349 445 923 560 368 986 951 992 743 418 161 757 487 938 884 210 480 852 716 676 408 644 88 581 503 464 281 931 66 928 866 958 977 348 401 350 623 882 898 706 516 379 375 799 357 692 151 179 110 341 22 5 641 920 278 304 63 336 509 106 5 841 765 125 865 473 572 180 236 424 363 739 653 818 529 607 112 836 225 613 319 108 849 41 166 330 795 558 393 546 263 540 337 645 924 12 301 163 223 676 700 781 722 31 507 198 571 393 430 1000 808 34 566 411 423 194 215 843 9 999 412 596 606 642 450 340 696 243 788 112 866 482 662 55 350 673 840 946 916 481 699 263 438 904 823 257 370 910 579 634 720 62 465 446 215 384 130 867 402 919 720 758 194 553 291 232 72 89 168 366 217 348 602 402 303 289 842 695 625 687 675 705 804 346 475 545 878 649 580 591 898 629 252 593 974 11 556 573 828 369 705 920 864 805 535 663 452 888 850 975 687 634 113 199 106 857 767 722 757 454 192 182 800 71 571 444 674 614 157 536 411 55 238 9 87 454 103 883 840 707 898 887 454 100 742 622 494 165 710 334 613 856 876 511 631 704 714 783 692 163 492 470 43 389 699 536 519 452 634 105 607 77 941 855 862 84 343 617 192 210 479 191 234 5 642 238 668 70 234 401 123 221 564 272 767 335 626 640 744 829 562 699 80 581 273 97 582 121 304 559 562 240 202 563 746 430 922 50 470 50 198 917 980 128 463 249 765 526 30 831 978 186 253 13 551 749 50 920 470 911 425 91 52 144 634 674 37 87 649 974 612 347 176 829 678 309 715 265 883 355 842 448 62 384 580 877 744 580 348 190 150 805 53 89 381 846 387 182 92 391 548 962 65 729 285 109 994 69 392 19 739 957 376 133 939 666 918 106 283 268 705 45 983 508 520 869 514 454 92 479 630 92 13 18 439 908 172 41 943 161 517 802 643 167 415 751 161 957 565 178 458 115 941 888 664 395 556 909 738 743 596 602 155 240 465 644 287 390 538 429 883 595 580 611 35 306 871 714 351 93 371 400 360 74 396 906 37 264 883 992 739 414 312 919 905 503 805 869 248 979 762 613 963 465 634 329 720 607 736 125 785 627 860 734 676 17 869 811 700 737 68 909 770 991 239 635 797 975 857 160 391 970 582 991 92 529 35 733 481 43 916 424 363 492 714 358 851 257 840 281 350 535 276 637 600 190 836 519 905 593 469 131 103 1001 308 573 281 978 380 7 946 157 565 531 329 522 310 448 284 145 946 19 843 390 17 569 410 525 772 33 987 343 440 640 245 788 200 389 87 741 122 428 756 52 965 758 699 17 498 341 928 454 639 14 166 188 561 495 103 771 722 736 434 316 909 57 171 99 938 708 688 322 829 935 647 82 772 179 809 829 130 108 27 492 954 276 329 229 169 952 121 431 859 652 806 992 697 229 365 282 268 89 384 784 123 341 204 407 178 767 40 427 964 171 527 258 750 169 847 964 239 890 451 138 993 864 750 279 700 848 975 687 416 540 550 574 961 884 935 417 664 186 689 174 165 39 489 276 633 714 858 660 789 746 216 456 448 139 514 303 687 540 983 894 917 16 593 25 187 1000 266 987 148 246 355 517 406 36 123 56 750 347 402 656 355 820 614 496 101 140 538 30 359 872 313 791 611 397 864 686 504 783 889 16 271 657 552 950 277 740 6 279 162 453 157 991 45 957 130 469 50 251 43 838 284 845 537 1000 990 499 665 325 745 696 375 89 142 139 448 576 135 506 512 547 581 567 750 533 168 694 716 357 871 863 75 5 837 688 824 800 584 656 164 274 862 698 926 783 998 998 710 127 781 929 722 277 954 802 879 486 559 392 750 716 868 846 572 143 61 600 917 675 823 90 452 77 671 974 872 428 908 771 174 542 588 988 310 130 535 685 26 996 857 986 925 289 760 364 293 36 836 383 651 365 896 765 475 586 11 640 933 12 967 870 581 429 329 545 70 410 487 899 246 685 922 971 266 560 393 988 558 518 493 695 240 631 370 160 118 832 701 844 211 487 481 695 101 387 212 667 934 790 841 999 383 875 639 870 17 728 53 278 120 459 890 314 89 384 754 308 191 639 938 899 407 363 217 164 943 18 77 517 667 1 593 972 651 48 347 918 828 885 491 370 990 104 275 974 511 184 234 416 505 191 713 601 486 323 322 837 301 962 29 390 988 326 383 651 706 611 624 737 199 850 355 987 469 185 237 981 386 209 616 519 49 975 750 234 556 12 524 52 559 210 732 971 697 335 6 911 115 700 236 181 321 41 253 337 583 201 502 981 542 804 643 355 941 590 342 833 289 395 857 171 279 737 678 87 210 948 611 462 195 288 860 828 169 439 373 433 303 76 809 458 950 263 5 492 362 223 270 694 576 723 349 322 332 655 263 661 399 200 149 852 155 200 150 197 268 787 683 90 328 455 319 502 416 299 321 881 144 972 866 185 70 758 660 632 1000 171 990 309 758 770 821 825 744 537 285 783 489 247 467 464 928 726 96 690 404 335 379 400 199 760 200 241 232 665 874 353 362 590 442 865 804 325 943 486 889 51 48 639 115 265 241 157 691 785 399 720 217 87 366 779 586 977 744 979 771 246 228 553 811 579 334 100 21 871 321 200 430 130 841 547 785 759 89 912 380 687 389 962 172 476 683 991 695 96 889 518 371 809 121 165 111 385 579 793 673 116 409 894 952 981 786 601 145 321 281 250 765 85 698 950 584 410 338 480 144 144 434 936 692 579 592 349 633 334 741 727 357 642 190 248 79 426 165 558 748 528 850 325 45 771 876 512 719 210 450 320 842 351 505 809 967 936 786 906 593 865 570 362 510 5 948 19 580 91 378 145 300 506 46 393 870 3 993 599 482 183 206 484 129 691 423 255 165 711 793 315 666 709 701 50 614 443 457 412 597 200 237 651 179 495 795 289 501 103 371 135 13 141 479 504 786 514 139 311 327 308 907 518 156 736 500 188 790 193 342 271 510 638 512 161 49 659 663 659 743 744 609 66 688 135 517 493 62 679 514 78 941 186 813 325 95 396 968 191 863 680 630 749 477 235 708 489 424 570 679 267 211 910 237 169 44 967 78 297 701 502 346 202 814 936 903 81 4 48 546 305 240 21 142 596 846 520 404 690 728 537 136 115 253 175 455 565 656 371 714 924 856 108 892 642 318 456 25 327 129 505 622 507 328 296 696 569 381 189 824 265 972 429 637 176 506 687 545 794 910 3 22 40 782 873 876 420 880 233 145 370 811 809 17 949 847 89 704 795 213 571 752 58 46 355 890 446 360 939 117 225 105 892 425 622 269 985 378 173 148 354 244 42 201 630 759 596 192 442 247 961 620 275 320 270 603 518 970 501 933 747 711 819 124 944 649 186 315 20 254 544 366 851 885 717 438 555 19 492 658 245 278 540 347 730 850 179 326 796 161 773 744 47 992 553 616 740 869 433 116 892 168 892 772 38 955 505 746 842 174 424 308 758 737 933 1000 570 70 273 500 122 85 583 214 875 853 386 504 610 795 580 139 703 437 162 25 128 15 265 882 865 278 520 329 190 200 522 258 715 357 577 175 553 349 916 634 47 634 735 236 863 327 984 321 116 766 794 49 347 540 160 796 142 830 393 39 66 561 450 42 668 26 980 434 734 43 867 902 641 265 199 232 19 38 263 171 226 569 194 158 404 320 583 101 22 498 329 279 22 672 240 288 826 96 609 18 935 280 863 238 615 66 757 937 51 121 447 960 888 415 806 369 875 961 601 492 394 88 740 697 447 384 213 620 795 538 780 791 991 536 534 205 108 745 668 727 578 263 184 525 357 526 464 934 739 561 401 1001 78 899 55 475 385 970 139 357 346 310 682 54 652 238 269 928 616 585 748 401 565 55 601 93 87 84 841 162 281 908 339 20 569 798 916 1001 707 520 742 797 922 292 475 928 89 219 116 435 254 357 422 912 601 820 232 87 907 351 815 939 463 583 977 420 859 386 454 928 485 538 730 185 933 746 317 856 362 32 511 715 896 328 99 380 214 481 520 85 80 299 778 545 731 362 992 246 464 842 585 452 891 721 581 107 65 846 160 384 383 912 365 60 402 712 352 943 394 502 902 799 106 456 401 495 765 825 856 762 830 585 863 670 419 841 123 470 672 307 917 139 835 909 61 216 755 128 672 879 959 935 419 426 496 443 120 419 147 387 398 359 981 246 912 935 18 391 326 726 575 19 766 382 756 673 823 803 944 634 365 335 98 165 262 1000 210 602 964 248 243 42 1000 58 492 68 651 402 137 471 691 364 55 857 620 60 130 597 374 92 332 569 182 255 714 585 454 457 665 623 475 100 248 533 4 114 862 601 938 808 851 463 741 189 817 990 151 656 446 386 34 629 121 482 108 620 882 910 524 354 178 606 42 633 408 606 616 553 900 651 846 472 344 184 325 565 136 324 895 935 691 588 331 978 850 882 730 972 26 317 42 262 820 131 651 121 20 893 483 521 402 158 654 239 963 385 408 769 211 119 613 292 414 18 25 505 629 901 512 858 515 800 349 844 97 170 518 401 778 845 219 546 479 642 63 412 478 439 350 417 762 87 201 978 612 129 590 885 184 486 812 477 903 785 714 212 163 571 717 934 991 376 893 430 153 229 787 948 214 676 710 762 827 783 956 418 101 614 231 770 406 530 710 87 359 182 613 318 863 783 422 775 652 829 669 167 933 146 763 513 400 209 601 451 136 697 118 215 294 599 308 125 278 631 696 914 728 866 942 195 389 307 942 755 689 215 36 674 433 18 886 290 596 643 276 929 124 19 458 216 666 628 154 899 90 545 820 694 71 634 891 517 180 233 137 880 962 124 106 783 501 577 419 207 833 263 517 772 636 447 602 588 284 332 115 990 390 822 164 935 563 606 793 327 432 587 79 971 935 930 318 494 84 820 582 27 447 755 555 509 61 104 125 543 549 832 683 791 777 929 708 418 204 618 565 274 885 884 468 614 992 199 91 673 83 651 133 793 538 708 746 722 686 50 729 131 121 419 381 736 948 57 576 751 416 195 835 257 151 497 771 174 680 149 697 981 202 873 512 711 376 842 435 620 435 26 896 368 888 910 397 32 630 329 791 869 947 117 332 218 611 7 107 986 344 404 408 728 918 296 266 70 592 140 342 695 17 792 375 742 83 237 310 373 227 113 604 856 993 398 677 934 47 51 805 213 9 741 88 734 46 484 329 162 430 19 767 283 500 748 305 668 869 16 362 608 327 829 424 937 103 742 93 611 740 657 632 397 330 495 943 249 734 341 934 82 439 351 988 928 548 418 708 393 732 948 732 958 862 868 848 846 976 517 931 310 736 349 728 553 14 945 339 272 257 941 121 578 487 876 807 593 135 160 1 698 212 518 802 477 831 431 792 823 20 54 739 459 138 664 390 933 229 368 842 184 438 272 503 829 734 328 580 852 654 518 760 719 181 516 791 138 188 351 594 952 337 648 87 86 225 862 87 952 681 507 328 430 35 556 48 91 609 705 959 796 760 801 534 71 750 642 736 967 82 523 673 275 323 153 94 34 82 537 853 459 500 331 886 826 277 414 410 841 250 289 179 993 120 86 632 323 213 773 559 796 607 253 21 295 295 595 777 668 235 243 106 712 132 263 777 909 760 876 892 549 948 185 444 967 119 498 328 880 617 233 82 899 114 236 209 269 371 347 267 979 945 624 746 599 432 975 895 553 688 929 945 801 584 847 287 793 946 738 566 468 488 175 20 668 248 903 127 215 78 813 218 993 889 135 753 41 273 667 373 36 692 153 476 197 226 517 563 762 497 651 564 609 184 96 569 863 653 444 410 410 558 2 997 690 396 332 695 318 293 419 699 184 156 400 522 176 242 220 19 208 461 663 880 129 783 589 131 655 628 281 384 976 988 338 472 146 650 664 545 739 810 213 874 828 770 692 445 908 648 562 956 427 887 268 362 526 512 222 77 208 71 143 780 525 736 764 635 904 310 176 439 772 99 874 322 963 808 495 213 454 954 442 899 227 782 456 164 179 838 353 235 367 751 613 717 333 292 795 684 51 990 811 242 947 657 381 511 517 846 685 115 490 786 230 372 880 957 107 346 771 785 704 872 51 220 752 52 807 177 543 827 774 516 373 704 806 676 433 619 138 774 42 603 85 38 866 39 183 925 139 544 578 918 983 55 417 50 858 935 126 241 826 596 652 932 413 355 222 561 923 95 815 49 523 704 491 268 374 856 48 706 433 587 40 929 173 509 474 291 612 626 528 320 403 913 89 855 153 11 409 12 38 842 494 9 913 926 111 731 856 642 872 824 93 180 654 645 843 250 333 370 704 41 184 30 237 659 276 620 927 412 705 777 290 961 286 817 103 435 242 566 804 818 526 501 941 772 363 896 824 229 382 422 524 395 868 672 221 459 390 504 359 102 116 48 901 75 59 610 997 815 74 179 826 955 703 864 625 715 557 816 258 11 319 879 121 774 438 116 914 442 766 891 359 878 770 318 704 12 921 798 673 581 827 754 452 94 259 270 313 297 766 76 646 55 924 998 362 214 8 116 415 715 285 767 278 913 504 860 549 524 294 778 326 510 337 767 325 433 561 455 564 233 613 508 130 568 411 166 502 947 960 924 896 364 475 84 620 960 158 15 633 585 107 894 90 517 67 848 674 599 444 185 38 222 882 900 270 130 680 167 973 533 605 246 810 484 909 285 997 177 243 289 426 21 154 63 582 597 43 896 324 749 779 744 603 173 526 261 750 587 878 512 381 754 78 756 1001 817 995 181 326 255 358 306 331 933 823 383 746 747 815 891 244 752 699 231 781 649 290 12 262 132 277 912 342 99 562 376 205 335 741 139 781 720 345 791 95 115 76 743 730 797 394 179 784 527 551 364 287 534 748 529 237 328 31 695 31 15 290 894 61 706 899 83 739 104 183 691 7 204 64 273 326 453 454 103 732 152 973 869 535 176 541 503 923 386 52 576 633 205 149 664 584 390 728 903 66 144 735 599 419 437 903 438 883 859 596 165 493 285 653 760 417 305 833 182 39 344 465 255 837 220 57 20 931 388 688 49 986 64 15 836 66 761 455 867 24 403 422 442 212 452 802 317 540 902 728 762 301 355 506 828 523 947 912 374 186 308 160 878 754 978 267 425 231 818 546 221 715 592 320 902 185 277 108 173 977 109 462 144 80 970 387 144 36 435 56 56 208 546 254 211 1 330 20 748 312 284 620 499 927 590 780 315 384 299 472 509 622 910 223 971 573 632 596 918 611 617 780 534 831 776 846 366 516 933 915 488 947 30 2 794 700 567 152 890 244 415 93 800 381 16 586 396 607 333 577 150 641 357 271 996 778 427 694 391 97 581 303 583 803 518 459 862 885 461 895 586 917 79 247 529 934 475 623 580 232 73 58 819 925 204 779 391 665 266 849 995 555 529 238 278 334 373 332 850 613 895 474 924 364 584 55 876 64 270 670 408 448 960 115 703 795 463 907 841 646 903 86 938 475 772 579 46 133 537 24 864 40 379 498 569 986 81 478 10 267 377 624 199 638 885 520 994 438 26 653 734 661 117 308 866 890 565 912 356 835 415 729 751 493 162 997 486 370 768 221 776 858 162 195 518 478 646 254 888 828 199 677 395 13 711 961 243 837 990 374 270 606 571 627 557 171 745 7 532 583 892 542 1001 430 177 379 132 659 657 650 556 332 186 276 105 941 810 666 958 235 587 634 988 689 40 469 349 590 724 558 23 597 395 949 194 956 387 968 738 976 758 760 331 1000 224 32 333 176 262 143 383 987 319 601 755 603 415 759 401 466 882 167 80 528 859 818 521 131 709 526 794 733 269 187 447 427 303 45 248 115 927 162 971 952 934 580 196 230 379 199 353 767 821 298 417 431 727 461 444 685 598 526 636 122 872 611 324 525 218 446 415 234 974 2 349 32 105 659 690 744 16 929 152 969 413 115 277 366 653 783 333 847 945 814 575 114 30 550 666 606 535 492 75 940 11 82 655 36 903 871 11 754 840 424 586 532 751 961 273 488 523 669 702 31 176 505 58 329 11 535 2 576 659 583 992 537 523 856 741 473 759 452 780 82 291 904 79 354 343 19 209 654 280 5 692 591 647 644 582 482 259 718 257 878 41 279 258 51 431 211 254 809 579 944 338 51 414 603 979 281 272 379 502 5 571 499 700 651 741 871 975 205 50 833 442 69 183 418 438 511 522 942 927 334 46 741 595 359 951 208 167 355 586 125 680 233 597 10 414 377 451 39 894 181 717 466 315 622 965 410 69 177 832 749 387 798 836 809 760 33 42 284 320 934 713 919 731 268 80 531 819 674 790 197 930 293 524 236 538 817 130 167 564 18 615 860 960 116 531 687 636 653 943 194 265 645 268 723 149 319 164 653 604 30 279 249 178 993 608 463 450 296 355 152 402 370 435 798 214 93 595 67 124 231 633 857 803 432 458 126 915 626 324 901 143 814 51 976 179 543 531 480 485 491 685 132 161 244 358 396 492 629 207 916 337 6 207 760 358 785 531 313 51 8 345 477 461 414 751 559 667 989 304 827 411 640 751 48 101 333 35 571 240 380 832 643 418 314 19 359 485 340 551 874 648 263 1 899 203 655 983 470 808 265 641 301 267 644 283 577 925 522 153 569 967 460 36 124 738 717 997 252 359 113 384 964 585 9 354 76 198 555 165 224 928 326 99 468 371 777 866 403 600 12 843 413 747 708 543 31 477 163 685 141 409 139 304 229 587 539 593 727 733 126 471 242 815 40 80 542 665 534 51 746 316 875 624 565 627 397 608 348 703 985 407 627 496 146 26 189 909 141 861 144 413 510 895 317 100 347 723 811 9 320 785 944 798 533 450 417 318 77 481 254 610 62 272 955 517 332 761 212 664 18 124 852 796 963 416 320 653 433 218 559 642 287 577 899 561 310 155 997 346 986 506 990 21 968 37 816 247 706 996 651 982 174 650 963 181 590 778 760 679 229 113 605 829 926 31 619 811 880 785 552 676 787 505 113 670 634 570 83 624 489 467 19 372 243 776 982 397 860 868 348 216 122 735 535 356 731 757 617 712 724 228 107 881 780 86 757 317 971 405 954 969 26 528 729 732 895 721 215 734 295 753 60 673 579 868 325 245 844 205 758 406 339 426 531 357 500 795 696 707 883 383 35 510 562 802 222 249 641 768 32 21 2 124 846 428 91 991 881 371 854 751 964 61 549 394 175 618 393 936 231 461 842 808 878 886 522 4 52 350 761 786 795 736 819 471 572 896 147 82 965 514 312 613 99 925 27 573 261 825 223 778 127 541 20 264 925 516 55 889 996 313 712 692 982 821 979 329 456 7 632 616 835 418 425 38 948 811 784 924 66 878 289 672 762 10 539 287 272 615 828 230 345 653 494 543 408 325 149 413 571 452 109 795 699 697 486 602 519 276 717 633 330 207 402 6 221 674 613 387 946 205 885 830 673 596 901 231 376 38 968 621 411 528 412 356 486 160 431 421 410 751 968 146 307 931 951 373 650 833 197 625 399 218 945 262 388 96 648 748 659 306 57 618 899 545 661 442 886 856 706 418 764 732 415 97 421 993 425 149 320 114 329 721 728 637 366 841 582 716 104 803 562 777 713 134 935 75 881 469 938 878 540 75 30 813 393 935 965 801 966 614 819 806 701 663 138 50 652 151 679 152 574 513 944 427 292 247 872 661 774 246 672 702 107 497 51 1001 553 980 512 80 517 273 62 227 258 385 824 119 989 539 829 93 331 637
547 124 54 209 804 875 1001 620 572 78 79 67 996 43 251 432 933 525 134 423 888 694 677 997 771 668 803 894 670 777 429 702 274 153 515 812 699 865 342 146 362 430 364 526 638 924 463 648 5 162 277 557 167 604 396 528 704 437 381 514 838 109 702 205 794 194 24 130 136 32 824 856 856 217 713 618 402 362 954 640 870 246 135 205 408 349 787 811 85 261 237 723 954 925 107 168 156 482 866 406 746 12 376 387 261 772 178 310 646 722 267 615 341 757 647 813 562 67 130 158 366 451 845 231 878 307 25 128 202 334 179 931 376 983 134 378 523 126 460 901 944 399 845 748 477 106 247 621 788 996 566 938 577 351 890 533 827 646 813 780 616 551 55 96 628 904 900 949 454 222 159 487 665 150 780 215 517 458 632 211 861 499 441 434 258 261 391 772 112 123 815 588 322 253 425 24 573 775 787 107 743 749 706 922 531 135 879 307 575 303 440 988 569 193 871 801 769 640 717 663 456 393 901 595 46 588 54 19960 427 517 57 970 416 214 2 310 857 28 980 641 394 745 601 371 720 730 83 387 423 808 346 269 539 963 446 985 694 790 726 446 428 422 403 57 916 329 623 555 93 371 187 103 901 43400 560 762 27 838 985 444 745 161 539 773 999 449 900 548 286 184 456 841 84 342 487 782 894 460 305 418 60 357 244 988 410 605 891 210 488 70 693 616 990 396 160 591 622 968 91218 493 300 157 370 368 486 73 645 263 551 729 74 951 270 46 785 454 36 1 72 94 126 41 339 120 902 152 838 226 805 355 878 573 602 405 583 802 271 734 139 537 648 703 47 497 329 315 937 69 301 578 874 846 531 439 953 660 96 435 4 188 518 621 245 564 477 676 847 832 459 930 699 625 432 692 866 849 554 621 737 767 655 430 340 541 230 969 712 857 441 168 732916 738 968 515 415 235 131 540 333 784 526 322 891 392 147 838 466 62 123 707 757 820 312 903 123 893 52 67 784 873 884 855 220 883 667 791 775 296 397 677 829 688 960 920 716 859 809 835 285 384 250 266 656 890 490 561 672 808 871 645 202 241 629 866 167 191 529 861 658 276 434 928 27 29 706 681 773 300 528 548 896 772 666 464 411 987 721 217 765 587 970 762 710 283 228 779 154 836 309 933 7 283 793 226 106 882 352 87 450 863 938 629 355 663 70 721 163 940 29 888 742 233 104 691 579 958 364 821 703 133 327 814 515 513 887 601 901 608 458 112 473 961 338 881 632 590 38 805 304 408 346 37 135 242 135 494 262 211 762 231 580 276 490 1000 30 368 279 136 582 915 381 31 418 86 103 967 795 162 975 330 599 413 859 919 599 81 724 644 443 19 612 534 598 255 721 403 722 865 763 110 617 536 725 347 255 446 69 877 760 989 381 593 730 230 729 174 777 391 944 64 202 547 235 652 241 689 871 300 491 151 499 653 886 914 823 234 90 887 165 450 87 403 556 753 795 506 112 751 518 894 728 619 343 584 636 564 634 905 587 944 144 932 993 291 759 800 264 919 898 770 127 850 187 68 246 147 44 273 538 523 312 630 335 545 622 895 664 493 215 12 752 800 692 992 48 186 979 523 910 572 138 406 742 7 614 561 549 262 891 109 631 587 286 741 799 296 72 262 905 855693 820 787 197 332 965 637 891 405 889 304 277 644 733 251 223 419 238 960 452 944 943 771 355 756 67 744 863 649 803 593 46 896 975 570 882 431 974 933 260 95 963 927 749 660 620 854 56 149 629 842 718 946 579 765 521 2 574 147 852 231 817 745 206 808 220 598 586 749 197 229 318 935 63 504 159 475 481 676 61 46 965 251 230 36 419 967 774 764 450 742 454998 128 873 750 244 384 895 846 647 196 224 266 549 764 184 965 715 785 516 150 207 645 653 875 237 304 235 1001 490 781 778 659 807 516 907 212 983 226 962 908 466 549 254 638 532 408 777 907 879 209 703 12 747 574 392 378 825 257 674 513 308 100 158 681 427 291 690 694 967 957 385 837 539 464 146 125 623 477 570 512 549 186 604 892 542 653 664 559 312 469 882 1000 682 596 936 77 541 301 79 21 582 664 649 224 545 266 451 56 227 59 225 947 787 702 189 139 257 140 129 8 987 161 478 636 552 227 217 410 967 772 425 790 855 675 330 37283 680 480 512 979 300 227 114 207 700 933 181 61 434 801 747 870 109 421 598 870 637 441 48 763 869 580 189 465 41 146 213 93 150 912 90 886 474 42 194 764 477 745 372 237 529 905 920 861 42 471 325 192 519 959 327 890 609 876 58 615 982 414 808 26 199 583 214 393 189 924 264 199 623 617 948 621 596 468 99 371 961 740 563 141 674 647 440 335 691 943 608304 393 382 545 150 943 604 100 453 855 199 771 703 494 445 786 609 564 506 222 390 751 336 569 235 834 304 187 691 5 539 145 197 25 4 855 86 216 374 814 556 654 320 990 311 756 694 860 796 549 918 315 230 815 677 257 820 921 793 39 649 234 993 571 325 562 796 131 454 454 744 329 307 271 630 23 73 59 269 732 913 637 844 659 294 264 364 853 419 542 990 833943 132 425 19 219 653 848 378 561 677 457 95 249 185 500 963 169 546 606 497 836 579 954 629 337 733 692 749 665 600 857 327 722 3 950 411 557 942 640 397 22 11 759 575 798 72 103 498 930 490 696 908 453 354 312 772 113 552 650 628 560 947 94 410 728 725 805 955 751 659 452 388 346 174 736 902 816 502 29 204 822 175 68 17 810 309 435 968 98 200 737 145 580 24 275 325 122 70 537 834 926 812 709 836 889 2 114 472 550 561 623 272 335 564 428 292 113 971 163 753 796 308 69 732 572 981 790 669 378 200 259 108 653 737 285 908 856 500 897 674 468 354 357 429 391 612 899 21 388 794 315 375 770 443 216 814 151 986 792 615 735 342 935 666 158 408 760 161 760 256 143 998 7 149 979 230 273 389 845 639 494 450 487 80 368 814 561 445 150 364 151 62 875 58 686 848 307 525 110 785 945 522 33 319 631 946 662 815 719 573 518 933 356 972 986 860 730 464 180 346 730 836 171 301 309 586 756 313 147 752 344 157 123 837 47 341 866 423 465 569 347 532 756 942 328 718 425 614 377 362 799 54 29 109 939 199 326 751 928 335 895 261 761 466 717 52 946 383 286 932 282 690 249 128 485 357 598 515 469 316 548 143 718 486 409 958 516 588 926 625 963 684 159 74 343 652 907 83 654 237 607 424 324 772 864 961 351 809 519 1 774 636 247 747 379 635 284 950 199 93 756 624 235 10 690 245 644 878 500 54 643 169 936 658 946 524 291 72 753 391 550 414 502 27 718 765 651 891 348 785 619 719 860 810 479 586 335 746 875 997 816 131 274 476 294 376 349 933 231 895 144 396 921 55 821 407 723 998 974 233 343 329 582 898 93 244 954 558 236 842 172 26 341 699 228 508 629 876 476 236 21 26 81 858 513 351 594 204 869 971 427 664 721 642 655 682 675 67 695 313 107 582 872 914 635 619 284 788 56 588 317 543 667 207 810 523 316 302 651 503 399 728 361 952 136 181 751 249 662 124 991 223 771 219 195 415 474 347 440 487 258 350 5 659 829 282 605 179 673 320 810 930 294 189 624 662 179 676 60 45 806 715 44 972 608 999 578 949 60 534 27 338 713 416 9 189 282 505 711 394 806 425 621 497 323 620 29 305 973 878 850 286 516 70 693 380 748 175 189 159 947 419 24 545 5 482 840 491 739 249 208 320 932 86 409 79 180 451 290 958 339 354 286 275 419 729 814 830 92 933 860 112 843 292 926 390 718 126 582 81 151 115 744 775 618 237 461 502 684 277 19 638 386 853 190 613 995 1 954 689 425 748 930 4 453 497 130 447 637 959 958 332 710 298 330 984 748 107 16636 62 504 561 133 618 362 593 386 921 439 388 189 487 326 51 528 928 130 348 919 456 535 897 483 375 783 312 750 744 602 381 774 12 294 274 278 164 377 82 886 472 657 582 739 591 481 248 246 647 927 296 74 172 879 696 364 17 572 146 554 609 272 354 125 1001 483 237 3 239 174 478 329 884 413 536 891 477 45 681 89 36 767 481 627 797 738 864 93 589 130 451 484 251 767 133 396 597 910 937 851 164 817 466 624 87 297 441 675 315 298 930 183 563 978 879 5 301 931 319 747 996 132 836 761 60 750 47 405 203 171 602 517 292 778 999 350 853 609 148 485 985 666 682 782 120 813 415 273 984 875 994 224 205 385 200 789 39 486 191 766 956 216 453 465 719 238 57 51 993 685 930 245 974 201 80 754 482 194 148 242 483 483 929952 4 295 671 584 987 97 510 774 526 369 259 986 904 966 128 916 735 227 643 431 957 121 735 265 203 461 829 237 442 703 453 164 440 498 709 985 168 402 871 354 704 633 534 474 197 135 429 822 796 963 75 721 300 622 506 124 638 84 17 654 140 347 695 637 736 997 824 747 76 963 140 10 540 22 952 874 755 317 27 20 985 107 797 643 839 429 233 426 566 925 907 343 429 618 990 962 763 909 788 921 9 73 612 594 233 484 69 651 235 635 760 413 8 382 43 679 861 247 402 506 664 394 237 888 630 393 898 452 63 564 852 502 290 510 45 201 823 568 508 241 914 972 802 396 525 334 428 483 433 327 23 991 269 331 988 997 190 364 702 453 848 555 805 200 732 530 119 162 37 374 530 578 280 668 728 956 709 64 713 849 686 308 60 131393 503 279 216 600 20 420 11 937 94 346 400 817 352 76 599 119 377 567 96 172 510 665 975 626 751 960 544 640 299 498 740 386 515 923 621 15 873 979 782 56 5 240 480 851 331 139653 309 683 956 500 372 20 375 479 286 776 596 500 688 34 304 503 561 111 573 184 912 393 321 416 457 108 371 946 371 621 165 439 143 939 133 912 312 103 864 14 482 183 372 266 373 805 304 254 259 541 858 166 318 137 222 851 711 887 436 94 916 341 746 112 638 996 33 182 784 649 109 851 596 402 876 537 620 69 140 230 373 930 653 906 351 40 127 530 463 841 332 109 310 1001 340 647 92 599 448 163 554 273 130 851 472 645 152 497 826 233 713 572 677 261 552 470 909 615 929 215 904 93 587 144 288 68 239 745 638 366 771 592 202 362 582 804 309 250 400 603 627 535 663 627 969 824 302 188 258 34 690 371 333 609 592 541 784 29 835 945 985 940 745 334 762 140 66 604 234 643 101 436 324 402 81 632 767 825 26 445 747 270 953 641 374 507 80 557 642 457 781 992 150 433 440 635 631 928 497 711 580 951 252 839 513 497 985 654 739 667 856 54 899 605 282 768 144 89 742 429 65 67 495 14 597 436 139 417 899 878 290 189 847 921 415 711 560 416 199 337 97 956 466 861 426 674 90 558 386 469 46 380 969 649 147 1000 414 737 13 242 205 200 494 8 289 240 856 59 690 318 787 917 493 249483 571 1 755 577 516 722 717 425 566 603 59 313 611 324 970 737 345 326 495 779 738 503 66 1001 104 63 132 727 105 194 84 967 422 380 46 294 197 280 127 447 551 637 356 138 289 347 376 491 48 512 898 651 386 459 742 920 994 439 197 507 591 49 511 796 840 762 508 457 437 620 263 39 147 849 895 570 203 316 976 195 227 608 218 220 367 232 833 934 549 217 323 902 355 763 533 47 329 141 602 543 300 745 70 323 491 704 72 726 525 428 945 108 336 923 952 370 158 879 716 169 446 578 603 194 831 961 918 737 938 132 677 59 897 393 526 588 583 138 924 633 247 397 869 593 313 566 724 430 945 989 493 313 133 943 362 289 100 331 779 993 639 855 414 715 630 76 730 954 275 239 510 648 147 272 655 431 582 707 906 181 903 300 774 75 37 893 494 668 964 736 605 380 185 489 577 53 138 169 689 521 775 599 120 2 623 902 677 245 114 821 921 792 6 942 399 865 308 424 899 429 76 775 421 965 130 243 754 928 311 451 321 290 202 995 518 895 79 369 925 555 698 549 233 552 51 668 892 5 598 644 869 196 411 665 177 278 605 3 124 154 521 308 366 278 33 726 453 136 964 29 765 761 391 477 273407 365 314 820 356 247 907 429 629 419 240 21 760 965 15 887 472 552 487 638 850 628 889 900 107 633 946 932 167 275 945 132 40 334 863 287 660 347 99 293 127 383 14 977 990 731908 386 605 634 794 816 245 712 990 185 349 776 119 981 360 619 50 802 987 42 461 935 542 380 673 390 958 344 738 639 756 324 696 956 401 847 919 277 499 769 642 624 342 643 775 284 466 129 510 9 363 861 928 988 212 560 207 112 991 332 414 838 548 204 12 359 721 304 922 198 597 484 318 992 489 929 564 453 244 221 866 423 39 739 654 965 995 180 225 556 51695 182 64 379 587 854 685 965 483 69 274 520 767 741 334 653 813 94 14 833 553 138 240 220 624 814 171 353 102 123 750 323 710 291 666 399 273 381 890 964 702 259 939 513 30 547 111 977 20 987 128 962 699 171 772 412 372 83 704 176 563 585 639 109 97 997 319 555 275 104 831 442 913 949 372 449 303 463 148 666 162 422 654 745 962 571 41 445 895 521 646 376290 539 503 691 299 436 610 314 855 523 561 182 637 670 798 35 847 636 943 300 310 930 467 609 735 849 639 435 37 554 949 597 505 723 191 274 848 546 995 458 585 836 905 834 493 398 883 564 603 504 824 352 73 210 418 827 714 395 125 897 124 182 478 276 954 319 977 508 787 907 197 236 953 851 569 679 894 222 257 168 365 83 602 778 439 875 330 163 706 560 848 917 269 473 706 565 180 507 736 261 650 932 737 295 935 785 466 382 748 411 678 826 208 471 344 177 873 541 959 202 419 122 443 737 898 740 500 724 378 598 528 326 879 870 474 591 436 113 201 391 571 623 554 137 377 209 29 314 742 838 308 718 797 609 245 665 162 56 612 350 913 464 578 534 714 64 249 963 315 750 637 436 221 315 72 984 463 303 860 808 916238 566 771 80 109 950 243 799 641 114 8 61 692 261 373 47 491 586 588 296 818 897 325 705 774 43 359 972 262 904 349 576 452 102 789 997 886 583 382 789 73 326 167 870 308 450 654 579 456 986 738 757 450 806 491 688 934 180 864 875 685 412 487 39 543 917 894 413 744 448 656 495 92 225 951 115 611 61 685 717 555 850 875 119 868 374 807 444 505 661 1 295 942 706 683 348 732 713 923 90 524 525 75 845 781 122 30 503 733 118 218 765 107 327 645 637 133 31 679 838 861 598 315 75 231 950 13 37 392 984 627 585 581 737 545 839 622 504 968392 428 654 726 703 379 470 544 663 45 156 48 939 693 952 917 329 943 651 501 724 7 143 956 118 866 968 425 585 658 555 671 821 338 619 599 875 352 474 496 471 456 169 409 335 452 792 76 401 193 768 699 621 319 446 10 282 581 160 639 899 195 651 757 82 103 648 988 917 28 841 983 267 936 214 46 265 224 340 945 250 10 795 207 813 966 908 332 875 304 894 365377 158 109 193 737 576 266 116 262 122 906 341 95 245 63 132 636 602 123 525 406 606 710 112 256 57 740 814 113 576 242 44 338 840 939 604 472 301 468 14 737 550 139 108 178 136598 978 154 866 255 440 590 466 806 323 511 824 654 332 864 848 973 55 466 778 887 345 901 897 952 476 842 338 9 205 335 872 378 94 195 475 690 430 129 187 307 856 154 217 747 801 243 421 492 180 406 967 182 932 862 478 844 165 318 959 547 706 616 90 180 560 401 945 705 814 821 727 777 420 853 545 939 972 329 861 651 159 119 270 100 814 942 830 191 985 972 742 31 83 805 567 533 788 823 368 439 861 456 186 913 404 458 71 428 446 353 53 453 132 758 917 659 53 582 325 17 817 833 636 825 704 719 644 511 554 618 236 133 474 777 810 717242 661 542 845 782 860 740 889 194 76 23 734 913 398 983 6 784 712 842 539 796 42 56 804 554 420 660 84 471 551 635 621 573 141 650 78 486 713 859 866 414 211 713 105 305 298 439 849 447 143 131 639 379 221 397 637 988 558 562 24 58 149 84 122 393 547 135 996 226 726 520 383 587 5 783 764 630 284 987 602 244 545 508 449 582 657 924 678 286 929 393 846 685 537 472 209 60 47 573 428 943 618 436 870 996 277 884 659 311 729 157 733 785 473 128 65 58 78 962 280 48 781 354 489 208 535 370 410 489 284 963 442 484 445 485 493 837 312 810308 230 373 72 148 31 367 587 497 528 861 220 721 78 171 208 705 141 741 29 408 226 388 268 582 670 700 410 14 772 110 897 554 712 173 768 146 501 668 776 76 850 731 695 252 15 542 272 900 540 48 304 288 37 207 40 830 361 186 593 535 230 958 398 265 700 668 937 921 834 824 45 704 278 99 665 968 826 346 457 194 952 6 362 704 82 141 899 144 787 115 997 871 120 321 328 272 837 216 449 999 961 318 1000 128 964 353 572 838 722 207 220 903 480 249 698 968 189 672 832 120 553 423 36 921 397 254 967 735 255 458 383 132 724 443 42 461 231 128 531 525 289 693 403 61 588 684 678 245 77 238 95 307 384 150 402 554 51 767 170 151 88 906 331 790 239 469 664 133 495 122 839 821 849 373 485 983 858 612 908 398 606 655 141 851 903 83 858 3 308 493 453 335 295 812 724 297 952 928 492 315 995 522 411 713 788 992 25 401 880 645 57 841 581 885 425 715 409 792 267 39 728 752 273 990 233 677 73 70 396 88345 814 848 122 887 197 63 429 106 685 934 682 931 400 563 523 96 994 397 662 362 808 980 519 446 268 389 942 310 138 248 22 810 153 7 762 797 314 650 763 510 924 474 471 348 948 496 353 267 593 601 14 388 323 627 610 108 332 783 303 329 739 162 393 316 905 63 790 660 260 79 202 571 80 548 663 429 417 26 328 930 15 103 260 302 323 631 93 808 957 709 689 347 657 644 603 619 826 218 543 610 575 305 189 77 562 469 10 982 267 135 312 796 676 458 451 982 450 177 744 469 542 574 395 136 458 470 667 850 945 225 316 741 624 345 967 54 119 37 443 533 350 476 81 69 785 611 533 397 868 57 172 383 548 490 808 550 683 881 826 962 774 457 481 549 932 848 115 418 904 702 64 191 223 642 711 614 270 778 90 465 121 640 874 875 131 29 669 61 826 952 420 447 647 582 940 157 97 522 161 925 149 979 709 784 754 102 308 930 265 696 929 357 446 635 89 193 640 642 718 911 679 654 80 445 293 240 664 602 107 810 212 917 762 244 252 190 958 140 25 223 534 321 935 317 391 982 860 958 661 993 506 285 824 589 120 20 507 875 906 635 273 616 962 643 731 603 238 585 260 370 425 807 819 676 492 161 756 819 87 315 831 794 184 38 907 2 18 816 262 96 421 851 78 582 581 906 899 945 273 441 897 514 431 335 968 490 444 725 788 398 640 598 461 696 623 749 848 864 619 53 855 754 398 967 929 970 71 679 288 747 308 321 596 281 68 720 400 287 223 416 793 181 790 987 837 680 382 598 626 26 144 636 948 504 853 729 976 214 92 499 986 554 600 674 902 356 363 801 880 217 231 471 794 750 894 435 5 70 1000 492 924 344 83 48 916 472 561 870 994 695 781 140 346 259 894 676 300 29 535 94 187 475 482 931 680 516 450 623 507 454 966 278 86 268 212 716 20 750 284 279 990 810 240 445 13 25 985 666 577 816 376 901 215 692 913 62 871 47 471 273 100 21 853 564 291 306 971 326 225 863 542 320 257 720 897 118 45 671 366 791 17 594 238 279 983 719 440 400 66 371 671 856 205 845 29 90 518 17 433 359 190 759 426 957 637 771 361 277 147 532 553 465 185 209 490 672 603 487 328 849 430 171 643 554 313 733 854 668 613 394 100 321 509 257 711 821 152 855 807 112 700 359 153 261 192 796 631 534 451 712 852 344 790 743 817 630 854 152 919 508 611 291 11 557 905 814 550 295 414 421 755 504 938 605 96 804 658 73 466 456 369 563 290 653 307 924 34 65 949 27 542 560 559 625 744 995 975 765 293 145 556 551 298 677 89 433 630 754 900 556 72 750 905 813 777 192 307 698 356 882 232 760 967 946 900 94 504 830 388 401 317 582 501 613 1001 147 263 204 722 997 25 430 580 827 754 313 841 484 290 705 598 277 216 426 211 320 422 127 109 596 767 242 277 865 42 265 967 914 293 581 116 554 437 914 501 606 729 19 400 396 628 669 994 645 597 295 614 726 555 288 322 92 903 326 144 280 258 150 458 415 804 703 20 847 881 630 569 260 492 163 229 685 373 699 420 788 337 377 863 153 545 692 495 116 299 630 397 638 508 902 590 317 104 125 358 989 962 393 611 699 448 599 108 431 583 779 728 590 81 854 270 193 523 859 897 980 506 933 506 118 348 426 600 852 778 213 565 597 214 65 85 470 162 632 189 848 789 368 529 618 209 542 678 304 60 990 459 938 621 779 288 827 57 972 998 450 347 503 609 196 184 52 278 221 229 342 528 932 722 808 711 109 780 879 35 478 565 432 167 838 773 545 744 332 26 305 582 565 118 908 324 588 760 684 263 981 336 401 597 374 362 788 467 408 837 805 506 315 228 540 110 381 243 13 284 668 291 596 850 706 530 341 148 984 132 727 118 494 444 119 75 195 449 474 815 764 52 634 212 204 988 387 569 356 861 574 365 73 489 797 954 468 121 878 356 44 773 547 539 984 496 700 486 611 496 651 264 119 253 934 285 478 656 138 858 148 735 30 553 919 277 308 949 470 689 428 128 433 148 561 350 490 391 356 679 379 571 599 111 220 758 202 92 533 936 164 721 507 495 941 742 895 962 711 58 638 576 246 187 528 470 34 835 165 520 770 442 351 926 698 325 663 485 212 474 541 511 178 83 474 347 123 627 204 308 337 969 192 893 595 805 261 709 452 312 868 649 460 830 82 204 988 446 107 908 549 904 530 16 517 198 27 567 234 402 65 918 461 496 963 130 123 796 469 202 1001 432606 967 739 87 537 582 385 585 435 172 935 241 868 493 311 802 381 333 900 507 106 830 925 931 415 979 607 218 699 197 894 69 722 476 725 866 355 399 696 918 537 117 360 898 541 167 397 714 596 713 123 970 769 329 255 323 366 772 342 319 772 70 713 553 3 386 252 337 239 429 506 439 753 498 73 577 888 1001 102 320 750 656 624 81 970 732 401 298 848 119 63276 294 292 676 260 842 595 648 366 269 29 371 725 363 658 499 815 954 917 33 21 491 690 118 615 658 766 308 641 439 597 438 129 284 287 715 744 487 997 772 740 332 233 963 265 988 605 364 478 767 342 432 271 406 567 523 405 352 553 65 552 599 833 957 392 264 474 955 479 354 664 916 66 380 416 962 274 973 246 947 50 293 170 163 205 264 214 362 886 805 73 630 147 779 487 396 289 132 509 216 557 323 305 482 683 985 825 902 213 610 156 621 537 555 732 496 803 369 57 275 319 424 443 619 952 644 87 138 895 72 120 934 128 950 46 307 327 373 549 210 692 761 905 518 899 108 929 356 496 88 83 324 247 681 196 401 560 442 269 333 929 263 862 864 685 877 275 428 75 764 283 259 119 449 531 754 725 9 630 794 679 665 607 281 193 829 196 55 886 824 869 933 727 562 156 293 714 325 935 363 975 131 761 766 80 904 589 956 922 368 344 656 686 446 153 398 240 404 958 89 195 101 319 623 827 15 271 104 987959 289 565 252 228 616 857 85 982 468 345 466 827 369 452 1 13 190 764 469 731 276 620 711 825 396 961 375 159 872 708 450 445 945 588 264 259 548 128 322 432 988 995 269 495 622 395 309 684 965 772 600 236 209 250 16 805 398 717 457 432 485 684 429 637 540 768 19 349 437 318 194 253 516 105 515 111 46 24 335 796 42 83 722 797 701 850 907 790 904 100 594584 699 376 172 165 99 330 271 572 638 532 107 266 494 475 781 143 264 324 358 493 999 869 461 240 523 216 585 468 999 420 242 436 843 388 657 948 108 557 258 834 271 659 622 462327 66 370 258 674 23 113 562 501 430 796 478 425 62 948 93 550 72 534 995 87 907 422 251 753 350 419 812 30 331 272 354 65 28 685 320 5 475 854 783 711 638 460 636 733 6 613 142821 218 468 83 19 726 114 390 134 533 891 447 365 782 463 22 480 168 979 782 760 262 738 679 28 526 316 74 446 975 137 928 519 805 697 231 336 375 668 928 746 456 970 337 452 193489 256 478 901 209 951 356 984 225 153 244 419 792 336 517 905 679 133 7 503 76 488 455 242 516 357 904 698 703 81 254 909 726 884 182 352 396 563 959 101 954 801 21 765 600 104935 249 69 11 95 6 79 762 247 437 67 323 504 976 216 625 945 301 730 444 920 386 571 609 991 400 768 148 317 853 283 238 511 699 247 943 890 347 834 549 805 915 661 750 225 541 603 448 431 85 930 836 47 658 790 833 921 671 881 105 149 452 161 215 74 276 333 431 453 105 641 697 346 612 228 599 691 355 837 227 441 418 648 246 969 710 392 15 257 647 275 613 636 685 214 906 853 808 456 37 931 726 735 217 424 417 550 486 546 246 861 906 767 319 353 316 1000 157 910 790 58 480 654 682 199 156 515 768 984 487 482 727 613 812 49 79 874 239 188 252 981 564 320 585 239 780 491 348 79 403 798 986 430 365 176 818 1001 724 476 227 488 61 51 947 667 506 716 396 802 475 395 385 475 919 852 297 973 683 976 813 367 253 50 708 392 173 402 624 629 352 940 486 579 898 382 273 66 947 476 948 969 117 879 442 87 324 546 932 760 290 943 454 239 650 645 97 347 551 161 629 335 738 286 805 41 102 598 739 597137 870 738 617 28 994 681 749 445 150 19 818 844 930 802 596 957 987 252 799 297 918 655 695 292 1001 446 671 787 156 777 482 316 183 304 229 82 263 136 481 790 780 752 367 784 693 372 966 665 169 579 594 790 932 861 402 758 723 874 273 422 420 493 983 655 210 305 822 240 453 528 322 669 587 318 860 927 128 401 202 735 139 376 160 276 925 989 561 113 424643 69 59 30 942 188 267 294 558 619 262 228 107 718 368 742 890 804 120 9 745 159 535 278 748 946 868 338 558 702 456 138 25 78 798 170 277 854 414 379 359 611 735 387 222 869 56 179 149 261 837 275 685 198 881 965 86 36 177 816 152 622 266 229 843 418 246 774 712 493 18 217 15 682 646 774 46 502 651 858 481 7 277 26 964 18 366 950 360 44 368 540 210 322872 130 76 866 653 704 758 880 282 758 238 332 735 290 745 555 901 36 864 495 632 575 701 85 267 771 31 263 904 807 744 253 681 440 639 110 169 703 938 876 654 654 506 813 650 737 254 522 148 162 673 85 830 239 20 906 626 363 684 455 563 131 113 920 485 587 61 919 451 706 746 863 488 205 854 691 198 324 27 726 469 709 672 6 865 615 580 88 296 671 370 737 779 664 148 273 211 160 408 644 499 47 684 594 715 200 420 886 262 291 889 687 652 661 813 46 699 259 8 382 549 703 397 321 102 410 76 307 794 535 277 821 166 755 71 59 612 735 400 270 274 876 491 749 932 866 241 962 744 615 680 783 406 358 164 416 823 251 671 951 374 854 815 26 338 145 53 464 670 500 444 636 517 237 332 647 349 322 154 798 150 363 69 601 705 241 594 420 479 203 658 348 526 714 13 370 466 986 190 303 91 920 808 158 646 350 615 105 692 12 55 516 470 370 589 925 86 638 690 950 938 824 637 198 146 350 810 560 411 591 331 929 952 672 978 441 77 50 355 775 910 763 676 32 979 735 21 765 605 800 656 931 36 130 252 661 986 623 653 404 270 160 326 177 950 17 126 656 407 975 780 77 216 353 785 408 565 806 316 411 467 468 478 268 403 284 971 557 166 938 189 804 17 365 458 790 830 861 28 46 29 748 482 358 859 937 934 649 765 1000 137 516 24 772 335 329 635 955 207 961 208 456 841 110 909 941 904 265 356 702 187 623 468 473 654 766 307 907 222 148 385 988 122 424 347 402 244 530 67 332 616 563 249 8 322 441 3 40 563 763 286 110 370 425 440 638 882 880 465 553 102 64 990 991 940 811 808 231 105 479 673 724 347 331 553 186 69 111 961 951 754 999 158 567 90 122 674 670 881 400 490 468 276 424 799 348 41 721 675 692 204 419 925 25 261 966 976 725 181 430 546 792 101 636 232 89 913 890 701 387 445 591 713 662 494 133 261 360 875 674 848 222 993 893 421 491 608 181 671 876 411 277 3 129 109 382 795 540 820 495 18 495 4 445 808 308 881 327 760 979 273 18 775 926 215 747 210 856 168 760 976 990 868 993 457 5 882 187 235 337 769 201 471 869 407 654 509 715 934 210 753 953 329 776 79 863 260 10 26 735 309 901 444 34 406 38 212 792 893 739 232 297 990 996 531 762 63 592 843 5 222 24 930 116 217 850 575 9 736 776 523 189 963 40 194 257 821 178 249 258 131 759 391 384 428 485 976 861 988 722 802 251 280 560 563 785 627 132 726 601 146 546 274 833 147 964 563 931 785 284 762 99 955 209 176 246 17 363 880 844 592 680 491 106 714 68 133 553 338 80618 770 272 773 880 20 753 421 472 198 522 347 878 547 459 372 399 544 307 413 149 268 89 851 749 757 185 745 978 277 121 822 419 35 151 959 339 90 81 727 726 167 843 71 668 169 700 290 333 578 913 80 307 63 422 714 55 591 260 660 152 58 669 95 335 93 910 646 98 187 63 697 975 699 706 392 324 338 793 52 230 36 264 462 970 559 197 475 547 504 235 42 439 693 999 856 16 375 520 780 92 877 539 239 659 595 415 835 134 941 101 664 403 790 563 988 157 898 346 786 918 620 559 280 195 675 991 90 890 172 86 834 285 692 420 605 508 790 876 997 553 641 365 897 391 109 403 136 57 435 177 530 804 896 969 641 205 156 632 962 45 255 964 390 291 740 71 757 676 107 547 662 977 237 597 592 408 6 636 543 48 912 935 5 574 561 974 221 25 676 729 713 387 332 129 395 946 685 302 781 4 643 296 555 30 689 262 78 555 861 547 505 721 158 240 84 617 488 468 361 735 898 141 165 389 478 192 472 70 572 710 827 370 628 44 178 494 503 247 923 81 48 789 575 204 334 536 560 667 674 807 959 80 706 680 645 253 792 855 682 521 5 490 950 174 309 300 669 596 698 357 335 664 278 992 308 594 590 691291 672 47 392 597 509 245 244 189 193 56 151 602 499 270 427 231 174 68 423 302 954 248 11 560 398 675 765 19 800 331 561 640 643 882 877 823 134 244 515 187 799 459 9 852 456 939 710 352 743 637 627 440 775 844 127 335 205 69 186 626 110 637 673 167 207 566 203 140 172 358 695 525 509 309 645 862 446 851 398 212 333 603 977 32 462 623 952 759 142 984 269 298 484 681 230 401 12 59 215 123 947 58 471 652 462 492 909 202 462 690 654 311 659 331 291 215 702 484 361 597 369 348 404 573 651 677 389 106 746 889 812 404 654 608 507 344 990 16 741 89 822 531 802 993 404 613 655 940 633 136 281 296 330 98 423 646 70 223 313 409 171 955 89 73 879 720 692 539 722 265 265 677 274 36 951 629 56 496 402 276 824 127 179224 950 45 694 138 782 48 827 74 244 497 644 268 246 419 523 908 49 811 292 418 604 960 382 318 793 856 266 365 347 274 733 910 765 208 691 951 548 715 107 567 73 477 84 496 436 134 564 553 540 736 840 805 211 527 673 49 403 20 944 366 976 84 245 282 878 229 21 934 420 741 883 300 47 230 793 210 442 197 103 629 583 592 65 703 560 174 824 792 477 390 907 617 125 972 462 979 561 694 733 730 367 939 429 631 312 543 844 227 688 50 557 341 707 595 361 706 349 487 793 772 397 442 778 236 860 936 640 582 891 738 894 52 271 978 197 335 763 41 86 181 108 619 723 556 457 813 719 618 560 390 638 293 504 390 518 343 153 969 874 302 839 271 216 849 928 124 317 550 761 374 656 457 486 845 762 97 968 793 320 832 275 868 44 870 568 276 88 92 930 544 121 137 723 262 124 270 991 862 221 800 877 471 219 751 992 715 529 583 439 286 57 899 807 924 257 952 178 279 667 916 984 688 893 581 742 385 860 372471 873 473 743 72 967 475 151 144 573 662 181 19 196 575 338 570 184 556 54 510 616 763 188 958 249 492 836 493 63 698 578 952 901 514 34 552 326 151 889 299 369 251 355 992 913621 491 603 888 593 611 312 417 372 609 102 869 406 46 429 591 3 302 733 459 477 310 742 91 430 501 199 371 795 908 64 989 714 880 699 997 848 873 161 791 703 758 993 687 792 612427 891 385 623 440 996 370 444 611 243 734 736 231 459 35 849 261 260 559 983 63 151 908 245 82 32 573 184 151 716 463 265 200 904 711 500 668 849 681 893 617 63 158 634 806 696342 925 808 326 876 45 451 977 158 568 866 611 449 857 317 22 485 747 685 672 665 893 989 411 305 23 622 527 167 287 221 127 783 246 663 256 734 745 427 438 399 566 422 10 736 868 833 547 281 123 241 851 81 918 406 776 575 814 230 482 802 622 193 156 9 969 218 907 785 867 287 945 446 897 896 48 311 306 194 799 547 901 636 36 68 772 133 683 292 492 130 17381 24 772 656 904 68 474 322 892 544 970 645 521 51 2 118 481 78 117 814 171 165 71 490 949 543 60 854 501 225 739 314 202 419 201 895 111 561 949 320 341 582 77 236 243 953 669 347 883 603 191 649 894 608 851 340 811 225 812 879 735 242 804 786 282 690 645 622 219 877 739 499 444 4 450 389 259 582 327 444 442 3 110 552 992 577 88 415 79 404 145 625 528 983 463 327 77 259 272 286 839 707 103 331 461 25 251 310 369 155 855 318 391 390 264 245 945 246 431 424 255 484 665 107 51 179 868 979 505 264 82 30 706 217 696 714 310 103 364 283 774 75 773 754 506 723 539 116 415 930 471 76 104 351 525 259 490 402 929 884 997 93 345 767 410 245 157 997 33 240 73 583 122 779 147 914 74 823 377 821 60 952 253 739 649 963160 70 23 23 742 324 896 420 212 749 684 676 634 409 12 605 186 563 349 682 23 548 698 232 268 435 361 948 866 55 248 363 858 955 407 32 208 6 926 441 318 520 184 300 217 452 657121 219 846 402 209 128 434 583 618 977 82 375 748 824 386 758 554 661 516 777 866 908 423 960 976 531 713 167 840 170 977 967 687 565 576 416 663 665 891 275 952 395 13 797 819 48 741 249 523 595 662 535 827 145 860 777 245 135 966 997 221 339 791 120 413 714 832 518 515 977 895 724 544 556 417 430 334 802 158 532 830 378 318 889 85 191 863 215 609 93 161 733 757 690 910 449 77 896 11 849 470 655 982 892 124 476 495 367 360 457 425 872 979 524 425 155 967 142 845 76 919 762 69 625 642 918 648 209 894 343 37 559 865 455 820 287 351 103 458 733 723 997 217 567 727 570 674 296 348 448 914 17 151 59 349 336 321 882 347 4 192 325 464 383 300 884 977 509 934 49 544 767 595 678 692 100 36 63 836 389 589 829 877 45 586 137 734 939 527 421 570 323 761 91 756 698 807 640 795 523 848 388 741 161 664 571 194 436 80 973 873 660 312 350 937 549 956 988 719 43 706 211 179 612 880 908 566 576 154655 958 955 793 629 519 749 253 692 717 458 975 440 546 870 720 649 97 172 384 279 557 904 604 343 455 829 954 633 795 764 883 271 327 33 437 990 370 887 141 540 946 220 628 386 570 442 810 462 966 281 613 603 862 596 962 174 152 1000 944 777 797 29 321 483 681 494 318 431 875 421 653 966 607 25 786 732 465 9 686 260 312 216 325 192 542 964 549 335 129 547 279 292 663 549 273 723 290 488 834 324 684 64 527 436 68 964 924 766 79 98 444 211 30 902 556 171 337 158 94 265 802 461 333 827 779 919 101 823 501 851 816 945 686 759 931 985702 859 86 769 124 625 274 444 719 879 588 300 876 520 668 567 854 256 519 566 792 867 480 962 166 780 24 70 117 378 295 940 699 412 423 426 708 237 227 37 814 14 67 71 913 431 988 40 488 620 134 461 45 970 372 768 1 943 562 663 232 327 333 660 778 960 735 795 688 782 511 607 164 349 927 210 291 267 403 126 907 454 318 477 473 575 335 172 469 177 564 546 901 100 542 310 908 903 869 430 771 531 740 31 475 228 402 523 690 773 777 342 266 677 551 198 514 668 859 540 443 804 992 773 219 488 90 369 383 17 888 745 154 5 867 304 873 315 91 339 117 699 591 68 536 609 1 292 251 128 964 164 98 883 744 783 147 405 45 997 232 567 324 189 2 825 459 857 384 947 202 757 691 169 130 104 935 856 42 961 932 400 857 684 940 513 589 605 744 342 307 702 67 811 550 380 154 423 30 276 298 997 19 929 552 600 711 228 580 640 498 300 944 206 890 536 643 508 373 443 450 884 666 231 303 403 2 6 137 228 843 292 744 493 81 740 960 626 281 395 763 559 318 278 268 497 301 248 345 638 470 872 497 149 373 979 920 459 149 303 605 359 15 694 523 642 53 356 74 352 481 998 333 75 852 885 209 967 764 527 407 311 26 621 250 113 650 306 837 683 697 816 210 786 270 119 797 490 779 76 573 821 424 83 16 809 162 646 97 469 184 992 83 736 211 317 710 300 599 3 221 688 788 612 503 913 484 706 668 772 925 86 325 896 206 797 998 288 404 5 254 464 722 525 714 914 357 993 934 842 689 862 788 901 684 334 725 815 142 61 812 193 624 890 252 474 225 631 215 379 562 645 319 613 846 522 533 824 241 783 301 821 322 582 530 972 584 87 198 57 932 713 524 817 992 215 151 622 479 467 266 449 56 826 598 168 559 951 1001 795 908 495 400 646 133 236 574 539 29 786 98 873 351 890 773 499 916 228 109 145 122 58 477 506 785 342 741 229 798 691 145 575 560 20 529 805 170 216 140 960 909 224 866 584 535 854 721 412 460 832 682 624 544 791 662 742 119 655 561 967 719 532 660 252 234 967 597 427 198 234 945 308 635 405 559 959 73 425 612 913 580 382 435 910 700 101 844 755 115 682 456 786 335 305 74 480 917 213 256 218 554 324 323 862 87 176 560 22 797 465 716 437 506 143 789 324 454 396 912 355 563 892 235 602 782 992 391 411 753 763 235 5 907 63 635 905 653 49 280 827 810 62 701508 232 735 20 636 202 191 830 905 370 327 423 818 661 436 918 435 976 934 961 953 888 113 905 348 642 466 327 564 549 268 996 612 890 523 101 642 698 311 710 397 218 348 568 728446 947 219 602 975 735 878 495 163 725 803 34 844 944 1001 828 372 41 77 263 457 687 432 727 521 236 314 433 196 843 948 524 284 640 756 611 939 191 334 633 28 914 61 868 832 370 212 161 628 562 822 173 691 951 427 887 917 974 136 460 168 829 60 339 223 949 76 280 108 505 884 363 1 406 557 379 96 323 654 350 408 994 945 270 284 555 86 543 874 151 926 863625 663 354 758 390 748 299 836 795 965 422 675 279 269 525 819 690 944 203 415 406 69 58 303 919 398 414 546 153 11 871 719 542 563 434 983 469 803 117 681 332 371 533 583 256 953 248 330 458 112 896 487 41 139 879 416 693 732 342 266 198 441 152 832 209 972 709 817 415 851 302 977 862 963 321 190 180 937 718 171 439 679 415 630 781 267 935 873 100 449 440 424 504 110 230 223 328 868 150 842 630 599 171 710 342 164 749 485 511 37 828 876 697 677 534 463 336 685 828 574 203 792 471 556 304 971 106 906 372 60 293 269 3 519 859 438 96 7 749 451 944 277 822 724 312 219 275 558 684 627 627 161 111 734 613 680 837 86 633 425 349 510 400 422 918 966 438 358 527 533 460 255 164 611 267 377 777 900 853 627 913 331726 995 892 336 411 26 926 674 84 363 734 8 109 624 986 720 710 628 97 459 106 256 548 370 612 356 13 632 754 440 239 48 789 860 439 75 105 875 419 143 158 930 10 341 817 639 320459 642 842 313 976 617 926 883 801 439 172 936 5 210 34 161 371 492 591 399 94 907 788 959 152 695 755 473 1001 65 37 987 598 727 562 68 731 152 870 741 859 941 728 713 65 163 197 242 549 532 239 762 774 251 916 742 827 474 960 694 122 993 366 849 811 674 847 225 720 317 458 187 881 522 611 312 140 56 453 269 63 351 619 759 314 655 685 167 803 693 260 946 146 264 61 693 157 178 878 65 401 336 636 215 189 992 791 901 867 805 719 108 470 508 794 699 521 286 384 993 8 605 696 75 794 334 358 923 742 400 785 254 49 375 59 24 777 447 686 379 173 375 371 206 537 45 911 71 218 6 421 82 202 635 487 730 737 413 592 437 880 882 199 279 192 952 69 653 920 626 956 192 506 635 684 910 3 943 637 667 303 49 568 208 296 802 646 69 967 353 76 611 691 463 239 159 575 637 146 141 903 49 924 116 740 119 510 965 906 955 426 701 219 840 798 833 205 842 712 59 763 570 240 214 198 383 819 305 813 333 149 24 134 856 500 478 674 91 746 561 149 412 382 386 884 2 883 10 467 566 937 440 164 627 941 67 601 231 696 246 184 620 967 903 581 837 166 644 490 884 157 43 462 925 256 478 710 137 804 520 392 720 176 789 363 51 788 297 805 811 202 200 305 228 393 752 4 92 256 152 380 117 210 817 400 263 713 942 936 645 798 81 388 381 863 356 798 861 183 726 861 98 840 486423 244 857 667 308 268 567 85 78 441 509 292 335 793 432 651 941 562 125 998 785 265 998 998 921 946 323 673 536 912 350 196 294 583 399 756 693 203 399 769 737 549 551 404 661 234 420 91 45 734 310 772 112 914 626 427 536 979 226 947 413 344 332 850 917 695 842 730 794 174 431 245 743 209 268 616 756 895 788 357 544 415 668 787 214 247 51 37 425 895 469487 951 932 915 872 91 227 955 307 588 628 854 871 96 865 372 764 940 325 24 760 244 316 179 574 778 928 150 588 868 909 15 648 635 602 989 445 471 164 158 699 910 352 588 412 266 914 841 364 350 801 691 901 240 154 591 635 325 449 81 997 542 749 671 220 505 51 57 80 52 392 758 39 405 832 354 603 290 447 721 264 9 229 358 423 160 124 222 589 309 823 856 757 399 440 87 993 706 424 256 557 60 263 404 273 34 845 529 219 49 398 125 126 491 414 712 143 688 609 198 649 877 497 62 860 87 473 970 318 82 507 319 333 164 815 399 233 17 559 991 405 787 592 242 402 594 455 889 366 388 113 74 118 882 802 784 611 204 405 338 672 65 412 190 193 687 672 918 995 754 891 361 815 19 87 927 381 662 527 969 49 335 874 331 691 896 334 231 831 287 515 158 463 745 907 766 927 547 612 561 525 818 255 679 553 934 600 538 524 929 574 412 17 322 362 368 707 775 998 813 736 11 104 772 414 773 995 641 29 509 63170 610 776 568 582 1 802 273 942 426 294 152 14 326 643 380 307 151 762 754 902 678 724 206 108 780 54 812 627 710 492 378 749 705 624 862 264 978 582 915 274 373 403 142 499 88101 865 461 800 941 994 409 233 585 747 912 260 500 21 233 128 787 293 574 44 902 220 465 689 602 636 135 361 332 672 511 580 418 570 733 730 358 670 924 16 737 900 255 957 630 84 975 445 785 48 64 137 427 1000 274 757 836 501 450 495 181 98 266 784 21 584 585 331 283 895 441 703 120 253 740 380 942 292 81 58 82 730 355 830 308 227 760 316 832 612 488 798383 656 822 797 766 615 6 362 570 189 800 606 134 263 464 923 963 476 718 568 786 864 5 445 720 925 777 214 202 14 539 250 21 78 646 886 710 1000 786 760 28 940 801 462 645 134 990 185 363 353 432 214 501 498 495 542 263 693 829 988 550 882 930 149 894 719 415 29 224 344 730 161 588 184 480 66 640 462 607 187 338 757 287 40 1 580 50 341 364 17 442 418 72 913 491 672 724 432 289 443 739 784 262 15 305 70 780 221 636 148 777 912 590 66 136 977 442 924 790 703 846 996 328 218 933 521 415 713 142 455 644 78 872 551 221 967 247 42 643 872 317 739 289 677 810 626 661 104 96 462 765 801 718 716 30 272 191 39 388 574 648 501 909 424 263 157 530 666 209 630 709 628 686 967 913 980 664 129 599 872 338 834 467 226 113 552 435 418 136 91 203 476 236 641 103 986 990 164 284 312 52 137 428 735 31 837 188 753 325 263 648 731 952 831 57 167 32 173 933 829 494 488 71 612 415 946 409 851 418 840 132863 770 139 798 877 846 912 903 803 181 691 152 264 972 208 624 505 135 974 673 314 544
